1
28
42
68
4654096
4654178
4654192
4654212
4654226
4654271
4654297
4654311
4654325
4654339
8508940
8508966
8509068
8509158
8509172
8509250
8509381
8509446
8509460
8509500
8509514
8509528
8509542
8509556
8509583
11972014
11972028
11972146
11972160
11972174
11972273
11972287
11972334
11972348
11972382
14668266
14668280
14668330
14668344
14668358
14668438
16630745
16630759
16630779
16630793
16630807
16630821
16630835
18237730
18237750
18237777
18237791
18237818
19508109
19508123
19508143
20452505
21396827
22341092
22969835
23284060
23284268
23284274
23308272
23308310
23308324
23308345
23328143
23328157
23328171
23328185
23344125
23359373
23374593
23388918
23388932
23388946
23388960
23388974
23397146
23397160
23397180
23397219
23397233
23397259
23402135
23406856
23410992
23413451
23415316
23415461
23415475
23415507
23415521
23415858
23415865
23415871
23415898
23416749
23416755
23416795
23417119
23417126
23417132
23417152
23417281
23417592
23417606
23417898
23417905
23417911
23417925
23417932
23417938
23417952
23417958
23418145
23418277
23418303
23418330
23418337
23418343
23418399
23418413
23418622
23418895
23418902
23418908
23418996
23419007
23419013
23419254
23419268
23419315
23419329
23419481
23419488
23419494
23419500
23419515
23419521
23419598
23419657
23419740
23419754
23419866
23419899
23419922
23419928
23419934
23420035
23420062
23420156
23420183
23420378
23420804
23420824
23420887
23420901
23420915
23421328
23421503
23421672
23421679
23421685
23421729
23421768
23422156
23422167
23422292
23422654
23422661
23422667
23422719
23422725
23422739
23423685
23423705
23423719
23424050
23424064
23424070
23424084
23427645
23427651
23427657
23428546
23429487
23430357
23430378
23430404
23430424
23430485
23430783
23430811
23431669
23432068
23432082
23435472
23435750
23435756
23436497
23436531
23436609
23436649
23437005
23437251
23437594
23437608
23437665
23437898
23438118
23438241
23438455
23438726
23438927
23439655
23439849
23440024
23440064
23440091
23440097
23440103
23440272
23440422
23440584
23443785
23443799
23443948
23443954
23444091
23444208
23444311
23445026
23445117
23445124
23445130
23445176
23445183
23448320
23448345
23448351
23448384
23451545
23451602
23451649
23451669
23451683
23451697
23451723
23454865
23454885
23454899
23454919
23454926
23454932
23454998
23455012
23455661
23455681
23455713
23455862
23456498
23459378
23459384
23459404
23459418
23459506
23460065
23462554
23462848
23462868
23462874
23462880
23462886
23463167
23463181
23463449
23463634
23463698
23463712
23463800
23463814
23464043
23464634
23464648
23464858
23465383
23466119
23466631
23467118
23467282
23467293
23467299
23467327
23467367
23467430
23467444
23467471
23467477
23467549
23467556
23467562
23467713
23467724
23467738
23467752
23467758
23467934
23467986
23468000
23468027
23468059
23468073
23468079
23468093
23468251
23468277
23468283
23468290
23468391
23468402
23468408
23468539
23468566
23468573
23468579
23468593
23468607
23468621
23468635
23468641
23468647
23468653
23468730
23468736
23468750
23468815
23468821
23468835
23468946
23468960
23468974
23469000
23469006
23469033
23469040
23469050
23469056
23469062
23469144
23469158
23469282
23469336
23469350
23469357
23469363
23469437
23469458
23469479
23469489
23469495
23469509
23469516
23469568
23469574
23748589
23748595
23748601
24027602
24027611
24027617
24027625
24027659
24027699
24027705
24027753
24027759
24146852
24146866
24146893
24146907
24146972
24146999
24147019
24147033
24147073
24147112
24147118
24147169
24147176
24147203
24147268
24147274
24147948
24147993
24148046
24148072
24148078
24148125
24148132
24148138
24148144
24148172
24148179
24148239
24148245
24158319
24158346
24158352
24158366
24158386
24158465
24158491
24158525
24158539
24158545
24158551
24158565
24158571
24158584
24158598
24158618
24158632
24158753
24158767
24159248
24169282
24179310
24179369
24179383
24179851
24179903
24179935
24180037
24180486
24180513
24180546
24180552
24180558
24180565
24180989
24180995
24181006
24181072
24182498
24183917
24185256
24186726
24188130
24188150
24188209
24188223
24188243
24188253
24188301
24188328
24188342
24188388
24188416
24188544
24188558
24188579
24188593
24188607
24188633
24188666
24188895
24188909
24188915
24188921
24188928
24188934
24188940
24189094
24189100
24189236
24189242
24189366
24189405
24189419
24189547
24189553
24189560
24189566
24189572
24189578
24189584
24189591
24189598
24189604
24189610
24189616
24189637
24189643
24189649
24189655
24189661
24189675
24189682
24189688
24189695
24189702
24189708
24189715
24189721
24189727
24189733
24189739
24189746
24189752
24189766
24189772
24189778
24189784
24189798
24189804
24189944
24189958
24189972
24189978
24189984
24189998
24190012
24190581
24190587
24190593
24190613
24190619
24190633
24190724
24190738
24190744
24190785
24190791
24191197
24191590
24191970
24192034
24192048
24192357
24192595
24192652
24192685
24192699
24192849
24192876
24192989
24193009
24193023
24193037
24198048
24198062
24203019
24203029
24203035
24203127
24203295
24208152
24208356
24213461
24213475
24213489
24218581
24218601
24218615
24218621
24218679
24218706
24218745
24218759
24223474
24228152
24233091
24237732
24237762
24237776
24242696
24247680
24247694
24252601
24252621
24252635
24252651
24252697
24252717
24252737
24252809
24253068
24253272
24253422
24253436
24253461
24253475
24257783
24262054
24262139
24266356
24270519
24270957
24275066
24275105
24275141
24279193
24279304
24279466
24279486
24279500
24279622
24279675
24279689
24279695
24279720
24279728
24279877
24280149
24280201
24280299
24280383
24280397
24280468
24280482
24284252
24284463
24284473
24284695
24284701
24284753
24284914
24284934
24284940
24284946
24284952
24285045
24285051
24288333
24288382
24288434
24288454
24291679
24291712
24291726
24291765
24291779
24291793
24291818
24291865
24291885
24291925
24294991
24295024
24295183
24295212
24295219
24295227
24295233
24295239
24295246
24295266
24295280
24298248
24298882
24298896
24298922
24298928
24298989
24301921
24301935
24301974
24302000
24302033
24302047
24302053
24302059
24302199
24305009
24305019
24305025
24305044
24305055
24305087
24307843
24307945
24307978
24308111
24308125
24308145
24308159
24308273
24308370
24308384
24308460
24308490
24308551
24308565
24308604
24308629
24308643
24308657
24311044
24311058
24311097
24311111
24313462
24315777
24315791
24315811
24315837
24317669
24317683
24319261
24319281
24319287
24319293
24319307
24319327
24319341
24319361
24319387
24319407
24319427
24319441
24319455
24319480
24319494
24319508
24319522
24319633
24319690
24319786
24319800
24319838
24319884
24319904
24319911
24319917
24319932
24319988
24320072
24320086
24320100
24320274
24320288
24320333
24320385
24325237
24325269
24325283
24325846
24330615
24330755
24330861
24330982
24331069
24331136
24335752
24335766
24335836
24335850
24335920
24335977
24335997
24336023
24336056
24336082
24336134
24336166
24336200
24336206
24336232
24336283
24336304
24336324
24336547
24336662
24336678
24341171
24341185
24341257
24341271
24341398
24341459
24341484
24341651
24341782
24341887
24343122
24345646
24345660
24345814
24348325
24349540
24349554
24352040
24352181
24352195
24352262
24352314
24353502
24353618
24353665
24354834
24354867
24354881
24356215
24356235
24356249
24356477
24357613
24358796
24358914
24360030
24361133
24361147
24362234
24362424
24363483
24363490
24363496
24363516
24363522
24363561
24363713
24363846
24363860
24364104
24365059
24365066
24365072
24366159
24366173
24366180
24366186
24366269
24367319
24367333
24367347
24367361
24367400
24367414
24368247
24368342
24368362
24368414
24368451
24368471
24368481
24368495
24369299
24369305
24369312
24369318
24369351
24369358
24369364
24369385
24369412
24369419
24369425
24370196
24370217
24370804
24370811
24371377
24371891
24372639
24373193
24373199
24373917
24373931
24374426
24374459
24374469
24374475
24374505
24374512
24374518
24374524
24374530
24374536
24374543
24374549
24374555
24374561
24374567
24374573
24374580
24374586
24374592
24374598
24374605
24374611
24374617
24374623
24374633
24374640
24374646
24374652
24374658
24374668
24374678
24374685
24374691
24374697
24374703
24374709
24374719
24374729
24374736
24374742
24374748
24374754
24374760
24374766
24374774
24374780
24374786
24374793
24374799
24374810
24374816
24374822
24374832
24374838
24374844
24374854
24374860
24374866
24374873
24374879
24374892
24374898
24374905
24374911
24374930
24374949
24374955
24374961
24374977
24374983
24374990
24374996
24375002
24375008
24375015
24375022
24375028
24375034
24375040
24375046
24375053
24375059
24375069
24375075
24375100
24375106
24375112
24375118
24375124
24375130
24375136
24375142
24375148
24375154
24375160
24375166
24375172
24375178
24375185
24375191
24375197
24375203
24375209
24375216
24375222
24375242
24375261
24375267
24375284
24375290
24375296
24375302
24375308
24375314
24375320
24375326
24375336
24375342
24375349
24375361
24375371
24375381
24375387
24375393
24375400
24375406
24375412
24375422
24375428
24375434
24375440
24375446
24375452
24375459
24375465
24375471
24375477
24375483
24375489
24375496
24375503
24375509
24375515
24375532
24375538
24375545
24375557
24375574
24375580
24375586
24375605
24375619
24375625
24375642
24375649
24375655
24375662
24375668
24375674
24375680
24375686
24375692
24375699
24375718
24375724
24375730
24375736
24375743
24375749
24375755
24375766
24375772
24375778
24375784
24375790
24375796
24375802
24375808
24375815
24375821
24375834
24375840
24375847
24375853
24375863
24375875
24375886
24375896
24375902
24375916
24375922
24375928
24375934
24375940
24375946
24375952
24375958
24375964
24375982
24375988
24375995
24376001
24376014
24376020
24376026
24376032
24376038
24376044
24376050
24376056
24376063
24376069
24376079
24376085
24376091
24376097
24376107
24376137
24376143
24376150
24376157
24376169
24376175
24376190
24376196
24376202
24376208
24376215
24376225
24376231
24376238
24376244
24376251
24376257
24376263
24376275
24376281
24376287
24376293
24376299
24376305
24376311
24376317
24376323
24376330
24376336
24376343
24376355
24376361
24376373
24376379
24376385
24376391
24376398
24376404
24376410
24376420
24376450
24376456
24376462
24376469
24376499
24376505
24376515
24376521
24376527
24376533
24376539
24376545
24376551
24376558
24376564
24376570
24376576
24376582
24376589
24376595
24376601
24376607
24376614
24376620
24376626
24376632
24376638
24376645
24376651
24376657
24376663
24376669
24376676
24376682
24376688
24376694
24376700
24376711
24376717
24376723
24376749
24376755
24376761
24376768
24376774
24376781
24376787
24376802
24376808
24376814
24376820
24376827
24376833
24376839
24376846
24376852
24376859
24376865
24376871
24376877
24376883
24376889
24376895
24376901
24376907
24376913
24376919
24376925
24376931
24376937
24376954
24376960
24376966
24376972
24376978
24376984
24376990
24376996
24377002
24377018
24377024
24377030
24377036
24377042
24377048
24377055
24377061
24377067
24377073
24377079
24377086
24377092
24377098
24377104
24377110
24377117
24377123
24377129
24377136
24377142
24377148
24377154
24377161
24377167
24377174
24377180
24377186
24377192
24377198
24377204
24377210
24377216
24377222
